0.704755992
0.770290511
0.893161837
1.340682304
1.205982646
1.267535823
1.115617563
0.870305044
0.744222746
0.368160922
-0.0853932
-0.440219298
-0.753798392
-0.6275412
-0.580003686
-0.94333407
-0.659782236
-0.330620149
-0.097998728
0.185819671
0.782008226
0.999947096
1.280662396
1.308895905
1.154545313
1.384919625
0.911499977
0.806967763
0.77510813
0.456927528
-0.174722826
-0.090925695
-0.577111825
-0.771167874
-0.991589918
-0.916490264
-0.727681412
-0.280180933
-0.2605774
0.307164183
0.797505744
0.823753087
0.890241856
1.449682601
1.403171278
1.096358117
1.101479528
0.909176874
0.389716741
0.086788022
-0.25099299
-0.424243803
-0.317854322
-0.763930152
-0.670997696
-0.58068717
-0.413923868
-0.299044994
-0.082500234
0.026871291
0.673157468
0.684979072
0.863998282
1.047276325
1.008599347
1.095967548
1.139250678
0.802581525
0.345103118
0.487803308
-0.207805644
-0.400927221
-0.437389397
-0.527824312
-0.717697108
-0.526608929
-0.433287316
-0.303633782
0.055557213
0.31652792
0.526314315
0.850447671
0.910012375
1.225187407
1.016959725
1.107184706
0.969215404
0.789350166
0.455023852
0.421693059
-0.232913423
-0.201949555
-0.540373976
-0.888345372
-0.551642459
-0.913290103
-0.316432804
-0.246586529
-0.265178904